((("scala" .
   [1 0 0 0 0])
  ("import" .
   [0 0 0 1 0 0])
  ("return" .
   [1 0 0 0 0 0])
  ("gcd" .
   [2 0 0])
  ("else" .
   [2 0 0 0])
  ("def" .
   [1 0 0])
  ("gen2" .
   [1 0 0 0])
  ("println" .
   [1 0 0 0 0 0 0])
  ("val" .
   [13 0 0])
  ("map" .
   [5 0 0])
  ("gen" .
   [4 0 0])
  ("math" .
   [2 0 0 0])
  ("4070" .
   [5 0 0 0])
  ("Int" .
   [12 0 0])
  ("require" .
   [3 0 0 0 0 0 0])
  ("appKey" .
   [1 0 0 0 0 0])
  ("res" .
   [2 0 0])
  ("body" .
   [1 0 0 0])
  ("puts" .
   [4 0 0 0])
  ("do" .
   [2 0])
  ("start" .
   [1 0 0 0 0])
  ("true" .
   [2 0 0 0])
  ("http" .
   [3 0 0 0])
  ("HTTP" .
   [1 0 0 0])
  ("host" .
   [1 0 0 0])
  ("port" .
   [1 0 0 0])
  ("use_ssl" .
   [1 0 0 0 0 0 0])
  ("request" .
   [1 0 0 0 0 0 0])
  ("req" .
   [1 0 0])
  ("verify_mode" .
   [0 0 0 0 1 0 0 0 0 0 0])
  ("OpenSSL" .
   [0 0 0 0 0 0 1])
  ("VERIFY_NONE" .
   [0 0 0 0 1 0 0 0 0 0 0])
  ("uuid" .
   [2 0 0 0])
  ("data" .
   [2 0 0 0])
  ("jsondata" .
   [1 0 0 0 0 0 0 0])))
